
Summation of numbers splitting them into n/2 groups: 
PID        Index Size 
26880      0     302  
26886      12    133  
26883      6     251  
26882      4     389  
26887      14    217  
26884      8     360  
26888      16    351  
26881      2     419  
26885      10    66   
26889      18    142  
27007      20    259  
27009      24    181  
27011      28    363  
27012      30    251  
27015      36    226  
27013      32    284  
27014      34    192  
27008      22    364  
27010      26    403  
27016      38    410  
27030      42    124  
27038      58    415  
27036      54    185  
27033      48    259  
27035      52    333  
27034      50    236  
27029      40    493  
27031      44    335  
27032      46    304  
27037      56    364  
27048      60    208  
27049      62    108  
27058      6     350  
27055      0     721  
27060      10    623  
27062      14    614  
27063      16    476  
27061      12    584  
27057      4     426  
27059      8     493  
27064      18    636  
27056      2     640  
27070      20    617  
27075      30    316  
27072      24    495  
27071      22    639  
27073      26    518  
27074      28    779  
27081      0     1361 
27082      2     776  
27083      4     1116 
27088      14    1095 
27086      10    1256 
27085      8     1112 
27087      12    1013 
27084      6     1198 
27099      4     2368 
27098      2     2314 
27097      0     2137 
27100      6     2108 
27104      0     4451 
27105      2     4476 
27109      0     8927 

File data summed to: 8927
Time taken to execute: 71 seconds

Summation of numbers splitting them into n/log(n) groups: 

PID        Index Size 
27116      24    947  
27119      42    763  
27120      48    828  
27117      30    727  
27112      0     1110 
27114      12    701  
27115      18    765  
27121      54    964  
27113      6     677  
27118      36    1129 
27136      60    316  
27144      2     1466 
27145      4     1674 
27143      0     1787 
27147      8     1792 
27146      6     1892 
27148      10    316  
27158      0     3253 
27160      4     2108 
27159      2     3566 
27170      0     6819 
27171      2     2108 
27178      0     8927 

Summed data from file using n/log(n) groups: 8927
Time taken to execute: 28 seconds
